
--> Cocurrent measure 1 mean vals:
F1: 539.9222222222222 [l/h]
F2: 562.5222222222222 [l/h]
T1: 15.254444444444452 [°C]
T2: 51.24088888888886 [°C]
T3: 24.349777777777817 [°C]
T4: 41.90299999999992 [°C]

--> Countercurrent measure 1 mean vals:
F1: 534.8333333333334 [l/h]
F2: 568.4111111111112 [l/h]
T1: 15.413333333333329 [°C]
T2: 51.51888888888898 [°C]
T3: 24.821111111111083 [°C]
T4: 41.686666666666596 [°C]

--> Countercurrent measure 2 mean vals:
F1: 170.2111111111111 [l/h]
F2: 574.2333333333333 [l/h]
T1: 15.33355555555554 [°C]
T2: 51.29666666666669 [°C]
T3: 33.513222222222204 [°C]
T4: 45.01066666666657 [°C]

--> Cocurrent measure 2 mean vals:
F1: 166.03333333333333 [l/h]
F2: 578.8333333333334 [l/h]
T1: 15.414222222222243 [°C]
T2: 51.46877777777776 [°C]
T3: 33.24355555555555 [°C]
T4: 45.49700000000002 [°C]
